9
3
2 0 4
0 3 0
0 0 2
4
2 0 4 5
0 3 0 3
0 0 2 0
0 0 0 4
5
8 0 1 0 3 
0 9 0 0 3 
0 0 10 7 2 
0 0 0 4 0 
0 0 0 0 6 
17
95 0 0 9 27 7 53 81 76 18 82 24 0 24 65 29 0 
0 44 0 20 39 0 0 12 0 0 0 0 0 0 56 0 37 
0 0 34 0 0 18 0 96 16 28 0 0 13 28 48 72 68 
0 0 0 47 34 0 0 91 98 0 67 0 62 0 53 46 0 
0 0 0 0 3 0 82 98 0 0 81 1 14 0 4 0 0 
0 0 0 0 0 56 87 13 0 0 52 0 66 44 0 0 0 
0 0 0 0 0 0 13 0 0 52 0 18 60 0 60 0 0 
0 0 0 0 0 0 0 64 0 0 0 51 45 0 10 0 0 
0 0 0 0 0 0 0 0 25 0 0 29 62 0 0 0 0 
0 0 0 0 0 0 0 0 0 66 0 46 44 24 32 30 0 
0 0 0 0 0 0 0 0 0 0 15 0 0 35 3 14 0 
0 0 0 0 0 0 0 0 0 0 0 47 0 0 0 0 50 
0 0 0 0 0 0 0 0 0 0 0 0 71 0 7 0 51 
0 0 0 0 0 0 0 0 0 0 0 0 0 96 0 28 0 
0 0 0 0 0 0 0 0 0 0 0 0 0 0 68 51 66 
0 0 0 0 0 0 0 0 0 0 0 0 0 0 0 63 71 
0 0 0 0 0 0 0 0 0 0 0 0 0 0 0 0 17 
17
125 142 0 0 0 0 0 0 0 0 77 0 0 0 0 0 0 
0 69 0 0 0 0 0 10 0 0 0 72 10 0 0 0 0 
0 0 187 0 102 0 0 0 0 0 0 0 0 78 0 0 0 
0 0 0 175 163 0 0 0 0 0 0 0 0 195 0 101 0 
0 0 0 0 194 0 0 0 0 0 0 0 0 0 0 0 182 
0 0 0 0 0 168 0 0 0 0 0 0 0 59 0 124 0 
0 0 0 0 0 0 99 0 48 0 120 0 0 0 0 0 0 
0 0 0 0 0 0 0 145 0 0 0 0 0 0 0 0 14 
0 0 0 0 0 0 0 0 78 68 0 0 0 64 0 0 171 
0 0 0 0 0 0 0 0 0 74 0 0 0 74 171 0 71 
0 0 0 0 0 0 0 0 0 0 1 0 0 0 0 0 0 
0 0 0 0 0 0 0 0 0 0 0 68 0 0 95 0 0 
0 0 0 0 0 0 0 0 0 0 0 0 38 0 180 0 43 
0 0 0 0 0 0 0 0 0 0 0 0 0 196 0 41 0 
0 0 0 0 0 0 0 0 0 0 0 0 0 0 196 0 0 
0 0 0 0 0 0 0 0 0 0 0 0 0 0 0 4 0 
0 0 0 0 0 0 0 0 0 0 0 0 0 0 0 0 30 
18
111 0 0 0 0 0 0 0 0 0 0 0 0 0 0 0 0 87 
0 158 44 0 0 0 0 0 0 0 0 0 0 0 0 0 0 0 
0 0 91 0 0 0 0 182 143 0 0 0 0 0 119 0 0 0 
0 0 0 85 0 0 0 0 0 0 0 0 0 0 0 0 0 0 
0 0 0 0 166 0 0 0 0 0 0 0 0 0 0 0 0 0 
0 0 0 0 0 69 0 0 0 0 0 0 0 0 0 0 0 0 
0 0 0 0 0 0 101 0 0 0 0 0 0 0 0 0 0 0 
0 0 0 0 0 0 0 121 0 0 0 0 0 0 0 0 0 0 
0 0 0 0 0 0 0 0 29 0 0 0 0 0 0 0 0 0 
0 0 0 0 0 0 0 0 0 186 24 0 0 0 25 0 0 0 
0 0 0 0 0 0 0 0 0 0 6 0 0 0 8 0 0 0 
0 0 0 0 0 0 0 0 0 0 0 185 0 130 0 0 0 0 
0 0 0 0 0 0 0 0 0 0 0 0 136 21 0 0 0 0 
0 0 0 0 0 0 0 0 0 0 0 0 0 179 0 0 0 0 
0 0 0 0 0 0 0 0 0 0 0 0 0 0 24 0 147 0 
0 0 0 0 0 0 0 0 0 0 0 0 0 0 0 173 0 0 
0 0 0 0 0 0 0 0 0 0 0 0 0 0 0 0 84 0 
0 0 0 0 0 0 0 0 0 0 0 0 0 0 0 0 0 150 
16
45 95 0 0 0 0 0 0 55 0 0 0 0 0 0 0 
0 170 0 0 0 0 0 69 0 0 0 0 0 0 0 0 
0 0 108 0 0 0 0 173 0 0 0 0 127 2 0 0 
0 0 0 146 0 0 0 0 0 139 0 0 0 0 0 0 
0 0 0 0 192 0 0 0 0 0 0 0 198 0 0 0 
0 0 0 0 0 2 138 49 0 133 0 0 0 0 0 0 
0 0 0 0 0 0 19 0 0 0 0 0 0 0 0 0 
0 0 0 0 0 0 0 186 0 0 0 129 170 0 0 0 
0 0 0 0 0 0 0 0 142 0 130 0 0 0 0 57 
0 0 0 0 0 0 0 0 0 115 188 189 0 0 67 0 
0 0 0 0 0 0 0 0 0 0 192 5 22 0 0 0 
0 0 0 0 0 0 0 0 0 0 0 10 0 0 162 0 
0 0 0 0 0 0 0 0 0 0 0 0 13 0 0 0 
0 0 0 0 0 0 0 0 0 0 0 0 0 21 0 0 
0 0 0 0 0 0 0 0 0 0 0 0 0 0 61 0 
0 0 0 0 0 0 0 0 0 0 0 0 0 0 0 153 
16
107 0 0 0 0 0 0 0 0 0 0 7 0 0 0 0 
0 64 0 0 0 127 0 0 0 0 151 0 0 0 0 0 
0 0 156 0 0 0 0 0 0 0 0 0 0 79 0 0 
0 0 0 5 0 0 0 0 0 2 145 0 0 0 0 0 
0 0 0 0 71 0 0 0 0 0 137 0 0 0 0 0 
0 0 0 0 0 40 0 0 0 0 0 0 0 0 0 0 
0 0 0 0 0 0 3 43 0 0 0 0 0 0 0 0 
0 0 0 0 0 0 0 137 87 0 0 0 0 108 0 0 
0 0 0 0 0 0 0 0 114 0 0 185 0 44 0 30 
0 0 0 0 0 0 0 0 0 117 0 72 0 0 8 0 
0 0 0 0 0 0 0 0 0 0 146 0 0 0 0 0 
0 0 0 0 0 0 0 0 0 0 0 180 0 0 0 0 
0 0 0 0 0 0 0 0 0 0 0 0 118 0 83 0 
0 0 0 0 0 0 0 0 0 0 0 0 0 74 0 0 
0 0 0 0 0 0 0 0 0 0 0 0 0 0 131 0 
0 0 0 0 0 0 0 0 0 0 0 0 0 0 0 104 
16
17 0 0 0 0 0 0 0 0 0 0 0 0 0 0 0 
0 28 0 0 0 15 17 0 0 168 0 0 0 0 110 0 
0 0 29 0 0 0 0 0 0 0 0 0 0 0 0 0 
0 0 0 111 0 0 0 0 0 0 0 0 0 0 0 0 
0 0 0 0 23 0 0 0 0 0 0 0 0 0 0 0 
0 0 0 0 0 151 0 0 0 0 0 50 0 0 0 0 
0 0 0 0 0 0 110 0 0 0 0 0 0 0 17 0 
0 0 0 0 0 0 0 130 0 0 0 139 0 0 0 0 
0 0 0 0 0 0 0 0 119 0 0 0 0 0 0 0 
0 0 0 0 0 0 0 0 0 72 0 0 0 0 0 187 
0 0 0 0 0 0 0 0 0 0 173 0 65 0 0 0 
0 0 0 0 0 0 0 0 0 0 0 116 0 0 0 45 
0 0 0 0 0 0 0 0 0 0 0 0 75 0 0 0 
0 0 0 0 0 0 0 0 0 0 0 0 0 160 0 0 
0 0 0 0 0 0 0 0 0 0 0 0 0 0 138 0 
0 0 0 0 0 0 0 0 0 0 0 0 0 0 0 127 
